Spectra/HaloModels/ClumpyOutput/NFW/Dfactor_dDdOmega_GeV_cm2_sr_NFW_NestiSalucci_errors2.output
# %ECSV 1.0
# ---
# datatype:
# - {name: theta, unit: deg, datatype: float64}
# - {name: dD_smooth, unit: GeV/cm^2 sr, datatype: float64}
# - {name: dD_subs, unit: GeV/cm^2 sr, datatype: float64}
# - {name: dD_total, unit: GeV/cm^2 sr, datatype: float64}
# - {name: dD_subs_share, unit:, datatype: float64}
# theta dD_smooth dD_subs dD_total dD_subs_share
  5.7296e-04     3.31e+23   4.24e+21   3.35e+23   1.27e-02
  6.5110e-04     3.31e+23   4.24e+21   3.35e+23   1.27e-02
  7.3991e-04     3.31e+23   4.24e+21   3.35e+23   1.27e-02
  8.4082e-04     3.31e+23   4.24e+21   3.35e+23   1.27e-02
  9.5550e-04     3.31e+23   4.24e+21   3.35e+23   1.27e-02
  1.0858e-03     3.31e+23   4.24e+21   3.35e+23   1.27e-02
  1.2339e-03     3.31e+23   4.24e+21   3.35e+23   1.27e-02
  1.4022e-03     3.31e+23   4.24e+21   3.35e+23   1.26e-02
  1.5934e-03     3.31e+23   4.24e+21   3.35e+23   1.26e-02
  1.8108e-03     3.31e+23   4.24e+21   3.35e+23   1.26e-02
  2.0577e-03     3.31e+23   4.24e+21   3.35e+23   1.26e-02
  2.3384e-03     3.31e+23   4.24e+21   3.35e+23   1.26e-02
  2.6573e-03     3.31e+23   4.24e+21   3.35e+23   1.26e-02
  3.0197e-03     3.31e+23   4.24e+21   3.35e+23   1.26e-02
  3.4316e-03     3.31e+23   4.23e+21   3.35e+23   1.26e-02
  3.8996e-03     3.30e+23   4.23e+21   3.35e+23   1.26e-02
  4.4315e-03     3.30e+23   4.23e+21   3.35e+23   1.26e-02
  5.0359e-03     3.31e+23   4.23e+21   3.35e+23   1.26e-02
  5.7227e-03     3.32e+23   4.23e+21   3.36e+23   1.26e-02
  6.5033e-03     3.31e+23   4.22e+21   3.36e+23   1.26e-02
  7.3902e-03     3.31e+23   4.22e+21   3.35e+23   1.26e-02
  8.3982e-03     3.31e+23   4.22e+21   3.35e+23   1.26e-02
  9.5436e-03     3.30e+23   4.22e+21   3.34e+23   1.26e-02
  1.0845e-02     3.30e+23   4.21e+21   3.34e+23   1.26e-02
  1.2324e-02     3.29e+23   4.20e+21   3.33e+23   1.26e-02
  1.4005e-02     3.28e+23   4.19e+21   3.32e+23   1.26e-02
  1.5915e-02     3.27e+23   4.18e+21   3.31e+23   1.26e-02
  1.8086e-02     3.26e+23   4.17e+21   3.30e+23   1.26e-02
  2.0553e-02     3.24e+23   4.15e+21   3.28e+23   1.27e-02
  2.3356e-02     3.22e+23   4.14e+21   3.26e+23   1.27e-02
  2.6542e-02     3.20e+23   4.12e+21   3.24e+23   1.27e-02
  3.0161e-02     3.18e+23   4.09e+21   3.22e+23   1.27e-02
  3.4275e-02     3.16e+23   4.07e+21   3.20e+23   1.27e-02
  3.8950e-02     3.13e+23   4.04e+21   3.17e+23   1.27e-02
  4.4262e-02     3.10e+23   4.00e+21   3.14e+23   1.27e-02
  5.0299e-02     3.07e+23   3.97e+21   3.11e+23   1.28e-02
  5.7159e-02     3.03e+23   3.92e+21   3.07e+23   1.28e-02
  6.4955e-02     2.99e+23   3.88e+21   3.03e+23   1.28e-02
  7.3814e-02     2.95e+23   3.83e+21   2.99e+23   1.28e-02
  8.3882e-02     2.91e+23   3.78e+21   2.95e+23   1.28e-02
  9.5322e-02     2.87e+23   3.73e+21   2.91e+23   1.28e-02
  1.0832e-01     2.82e+23   3.68e+21   2.86e+23   1.29e-02
  1.2310e-01     2.78e+23   3.65e+21   2.81e+23   1.30e-02
  1.3989e-01     2.75e+23   3.60e+21   2.79e+23   1.29e-02
  1.5896e-01     2.75e+23   3.52e+21   2.79e+23   1.26e-02
  1.8065e-01     2.63e+23   3.46e+21   2.66e+23   1.30e-02
  2.0528e-01     2.58e+23   3.44e+21   2.61e+23   1.32e-02
  2.3328e-01     2.53e+23   3.34e+21   2.56e+23   1.31e-02
  2.6510e-01     2.47e+23   3.28e+21   2.51e+23   1.31e-02
  3.0125e-01     2.42e+23   3.22e+21   2.45e+23   1.31e-02
  3.4234e-01     2.37e+23   3.16e+21   2.40e+23   1.32e-02
  3.8903e-01     2.31e+23   3.10e+21   2.34e+23   1.32e-02
  4.4209e-01     2.26e+23   3.03e+21   2.29e+23   1.32e-02
  5.0239e-01     2.20e+23   2.97e+21   2.23e+23   1.33e-02
  5.7091e-01     2.15e+23   2.91e+21   2.18e+23   1.34e-02
  6.4878e-01     2.09e+23   2.84e+21   2.12e+23   1.34e-02
  7.3726e-01     2.03e+23   2.78e+21   2.06e+23   1.35e-02
  8.3782e-01     1.98e+23   2.71e+21   2.01e+23   1.35e-02
  9.5208e-01     1.92e+23   2.65e+21   1.95e+23   1.36e-02
  1.0819e+00     1.87e+23   2.59e+21   1.89e+23   1.37e-02
  1.2295e+00     1.81e+23   2.52e+21   1.83e+23   1.38e-02
  1.3972e+00     1.75e+23   2.46e+21   1.77e+23   1.39e-02
  1.5878e+00     1.69e+23   2.39e+21   1.71e+23   1.40e-02
  1.8043e+00     1.64e+23   2.33e+21   1.66e+23   1.40e-02
  2.0504e+00     1.58e+23   2.26e+21   1.60e+23   1.41e-02
  2.3300e+00     1.52e+23   2.20e+21   1.54e+23   1.42e-02
  2.6478e+00     1.46e+23   2.13e+21   1.49e+23   1.43e-02
  3.0090e+00     1.41e+23   2.07e+21   1.43e+23   1.45e-02
  3.4193e+00     1.35e+23   2.00e+21   1.37e+23   1.46e-02
  3.8857e+00     1.31e+23   1.94e+21   1.33e+23   1.46e-02
  4.4157e+00     1.24e+23   1.88e+21   1.26e+23   1.49e-02
  5.0179e+00     1.18e+23   1.81e+21   1.20e+23   1.51e-02
  5.7023e+00     1.12e+23   1.74e+21   1.14e+23   1.53e-02
  6.4800e+00     1.07e+23   1.68e+21   1.08e+23   1.55e-02
  7.3638e+00     1.01e+23   1.61e+21   1.03e+23   1.57e-02
  8.3682e+00     9.55e+22   1.55e+21   9.70e+22   1.60e-02
  9.5095e+00     8.99e+22   1.49e+21   9.14e+22   1.63e-02
  1.0806e+01     8.44e+22   1.42e+21   8.58e+22   1.66e-02
  1.2280e+01     7.91e+22   1.36e+21   8.05e+22   1.69e-02
  1.3955e+01     7.36e+22   1.30e+21   7.49e+22   1.73e-02
  1.5859e+01     6.83e+22   1.24e+21   6.96e+22   1.78e-02
  1.8021e+01     6.32e+22   1.18e+21   6.43e+22   1.83e-02
  2.0479e+01     5.81e+22   1.11e+21   5.92e+22   1.88e-02
  2.3273e+01     5.32e+22   1.05e+21   5.43e+22   1.94e-02
  2.6447e+01     4.85e+22   9.95e+20   4.94e+22   2.01e-02
  3.0054e+01     4.39e+22   9.19e+20   4.48e+22   2.05e-02
  3.4153e+01     3.95e+22   8.79e+20   4.04e+22   2.18e-02
  3.8811e+01     3.54e+22   8.25e+20   3.62e+22   2.28e-02
  4.4104e+01     3.15e+22   7.69e+20   3.23e+22   2.38e-02
  5.0119e+01     2.79e+22   7.16e+20   2.87e+22   2.50e-02
  5.6955e+01     2.46e+22   6.65e+20   2.53e+22   2.63e-02
  6.4723e+01     2.16e+22   6.17e+20   2.22e+22   2.77e-02
  7.3550e+01     1.90e+22   5.71e+20   1.95e+22   2.93e-02
  8.3582e+01     1.66e+22   5.29e+20   1.71e+22   3.09e-02
  9.4981e+01     1.46e+22   4.88e+20   1.51e+22   3.24e-02
  1.0794e+02     1.29e+22   4.54e+20   1.33e+22   3.41e-02
  1.2266e+02     1.15e+22   4.24e+20   1.19e+22   3.56e-02
  1.3939e+02     1.04e+22   4.01e+20   1.08e+22   3.70e-02
  1.5840e+02     9.75e+21   3.85e+20   1.01e+22   3.80e-02
  1.8000e+02     9.50e+21   3.79e+20   9.87e+21   3.83e-02
