Spectra/HaloModels/ClumpyOutput/NFW/Dfactor_dDdOmega_GeV_cm2_sr_NFW_NestiSalucci_errors1.output
# %ECSV 1.0
# ---
# datatype:
# - {name: theta, unit: deg, datatype: float64}
# - {name: dD_smooth, unit: GeV/cm^2 sr, datatype: float64}
# - {name: dD_subs, unit: GeV/cm^2 sr, datatype: float64}
# - {name: dD_total, unit: GeV/cm^2 sr, datatype: float64}
# - {name: dD_subs_share, unit:, datatype: float64}
# theta dD_smooth dD_subs dD_total dD_subs_share
  5.7296e-04     4.23e+23   4.35e+21   4.28e+23   1.02e-02
  6.5110e-04     4.23e+23   4.35e+21   4.28e+23   1.02e-02
  7.3991e-04     4.23e+23   4.35e+21   4.28e+23   1.02e-02
  8.4082e-04     4.23e+23   4.35e+21   4.28e+23   1.02e-02
  9.5550e-04     4.23e+23   4.35e+21   4.28e+23   1.02e-02
  1.0858e-03     4.23e+23   4.35e+21   4.28e+23   1.02e-02
  1.2339e-03     4.23e+23   4.35e+21   4.28e+23   1.02e-02
  1.4022e-03     4.23e+23   4.35e+21   4.28e+23   1.02e-02
  1.5934e-03     4.23e+23   4.35e+21   4.28e+23   1.02e-02
  1.8108e-03     4.23e+23   4.35e+21   4.28e+23   1.02e-02
  2.0577e-03     4.23e+23   4.35e+21   4.28e+23   1.02e-02
  2.3384e-03     4.23e+23   4.34e+21   4.28e+23   1.02e-02
  2.6573e-03     4.23e+23   4.34e+21   4.27e+23   1.02e-02
  3.0197e-03     4.23e+23   4.34e+21   4.27e+23   1.02e-02
  3.4316e-03     4.23e+23   4.34e+21   4.27e+23   1.02e-02
  3.8996e-03     4.23e+23   4.34e+21   4.27e+23   1.02e-02
  4.4315e-03     4.23e+23   4.34e+21   4.27e+23   1.02e-02
  5.0359e-03     4.24e+23   4.34e+21   4.29e+23   1.01e-02
  5.7227e-03     4.24e+23   4.34e+21   4.29e+23   1.01e-02
  6.5033e-03     4.24e+23   4.33e+21   4.28e+23   1.01e-02
  7.3902e-03     4.24e+23   4.33e+21   4.28e+23   1.01e-02
  8.3982e-03     4.23e+23   4.32e+21   4.27e+23   1.01e-02
  9.5436e-03     4.22e+23   4.32e+21   4.27e+23   1.01e-02
  1.0845e-02     4.22e+23   4.32e+21   4.26e+23   1.01e-02
  1.2324e-02     4.21e+23   4.31e+21   4.25e+23   1.01e-02
  1.4005e-02     4.20e+23   4.30e+21   4.24e+23   1.01e-02
  1.5915e-02     4.18e+23   4.29e+21   4.23e+23   1.02e-02
  1.8086e-02     4.17e+23   4.28e+21   4.21e+23   1.02e-02
  2.0553e-02     4.14e+23   4.26e+21   4.18e+23   1.02e-02
  2.3356e-02     4.12e+23   4.24e+21   4.16e+23   1.02e-02
  2.6542e-02     4.10e+23   4.22e+21   4.14e+23   1.02e-02
  3.0161e-02     4.07e+23   4.20e+21   4.11e+23   1.02e-02
  3.4275e-02     4.04e+23   4.17e+21   4.08e+23   1.02e-02
  3.8950e-02     4.01e+23   4.14e+21   4.05e+23   1.02e-02
  4.4262e-02     3.97e+23   4.10e+21   4.01e+23   1.02e-02
  5.0299e-02     3.93e+23   4.07e+21   3.97e+23   1.03e-02
  5.7159e-02     3.88e+23   4.02e+21   3.92e+23   1.03e-02
  6.4955e-02     3.83e+23   3.98e+21   3.87e+23   1.03e-02
  7.3814e-02     3.78e+23   3.93e+21   3.82e+23   1.03e-02
  8.3882e-02     3.73e+23   3.88e+21   3.76e+23   1.03e-02
  9.5322e-02     3.67e+23   3.83e+21   3.71e+23   1.03e-02
  1.0832e-01     3.61e+23   3.77e+21   3.65e+23   1.03e-02
  1.2310e-01     3.55e+23   3.75e+21   3.59e+23   1.04e-02
  1.3989e-01     3.52e+23   3.69e+21   3.56e+23   1.04e-02
  1.5896e-01     3.52e+23   3.60e+21   3.56e+23   1.01e-02
  1.8065e-01     3.36e+23   3.54e+21   3.40e+23   1.04e-02
  2.0528e-01     3.30e+23   3.52e+21   3.33e+23   1.06e-02
  2.3328e-01     3.23e+23   3.42e+21   3.27e+23   1.05e-02
  2.6510e-01     3.17e+23   3.36e+21   3.20e+23   1.05e-02
  3.0125e-01     3.10e+23   3.30e+21   3.13e+23   1.05e-02
  3.4234e-01     3.03e+23   3.24e+21   3.06e+23   1.06e-02
  3.8903e-01     2.96e+23   3.17e+21   2.99e+23   1.06e-02
  4.4209e-01     2.89e+23   3.11e+21   2.92e+23   1.06e-02
  5.0239e-01     2.82e+23   3.04e+21   2.85e+23   1.07e-02
  5.7091e-01     2.74e+23   2.98e+21   2.77e+23   1.07e-02
  6.4878e-01     2.67e+23   2.91e+21   2.70e+23   1.08e-02
  7.3726e-01     2.60e+23   2.85e+21   2.63e+23   1.08e-02
  8.3782e-01     2.53e+23   2.78e+21   2.56e+23   1.09e-02
  9.5208e-01     2.46e+23   2.72e+21   2.48e+23   1.09e-02
  1.0819e+00     2.38e+23   2.65e+21   2.41e+23   1.10e-02
  1.2295e+00     2.31e+23   2.58e+21   2.34e+23   1.11e-02
  1.3972e+00     2.24e+23   2.52e+21   2.26e+23   1.11e-02
  1.5878e+00     2.16e+23   2.45e+21   2.18e+23   1.12e-02
  1.8043e+00     2.09e+23   2.38e+21   2.11e+23   1.13e-02
  2.0504e+00     2.02e+23   2.32e+21   2.04e+23   1.14e-02
  2.3300e+00     1.94e+23   2.25e+21   1.97e+23   1.15e-02
  2.6478e+00     1.87e+23   2.18e+21   1.89e+23   1.15e-02
  3.0090e+00     1.80e+23   2.12e+21   1.82e+23   1.16e-02
  3.4193e+00     1.73e+23   2.05e+21   1.75e+23   1.17e-02
  3.8857e+00     1.67e+23   1.99e+21   1.69e+23   1.17e-02
  4.4157e+00     1.58e+23   1.92e+21   1.60e+23   1.20e-02
  5.0179e+00     1.51e+23   1.86e+21   1.53e+23   1.22e-02
  5.7023e+00     1.44e+23   1.79e+21   1.45e+23   1.23e-02
  6.4800e+00     1.36e+23   1.72e+21   1.38e+23   1.25e-02
  7.3638e+00     1.29e+23   1.65e+21   1.31e+23   1.26e-02
  8.3682e+00     1.22e+23   1.59e+21   1.24e+23   1.29e-02
  9.5095e+00     1.15e+23   1.52e+21   1.16e+23   1.31e-02
  1.0806e+01     1.08e+23   1.46e+21   1.09e+23   1.33e-02
  1.2280e+01     1.01e+23   1.40e+21   1.02e+23   1.36e-02
  1.3955e+01     9.41e+22   1.33e+21   9.54e+22   1.39e-02
  1.5859e+01     8.73e+22   1.27e+21   8.86e+22   1.43e-02
  1.8021e+01     8.07e+22   1.20e+21   8.19e+22   1.47e-02
  2.0479e+01     7.43e+22   1.14e+21   7.54e+22   1.51e-02
  2.3273e+01     6.80e+22   1.08e+21   6.91e+22   1.56e-02
  2.6447e+01     6.19e+22   1.02e+21   6.29e+22   1.62e-02
  3.0054e+01     5.61e+22   9.41e+20   5.70e+22   1.65e-02
  3.4153e+01     5.05e+22   9.00e+20   5.14e+22   1.75e-02
  3.8811e+01     4.52e+22   8.45e+20   4.61e+22   1.83e-02
  4.4104e+01     4.03e+22   7.87e+20   4.11e+22   1.92e-02
  5.0119e+01     3.57e+22   7.33e+20   3.64e+22   2.01e-02
  5.6955e+01     3.15e+22   6.81e+20   3.22e+22   2.12e-02
  6.4723e+01     2.76e+22   6.31e+20   2.83e+22   2.23e-02
  7.3550e+01     2.42e+22   5.85e+20   2.48e+22   2.36e-02
  8.3582e+01     2.12e+22   5.41e+20   2.18e+22   2.49e-02
  9.4981e+01     1.86e+22   4.99e+20   1.91e+22   2.61e-02
  1.0794e+02     1.64e+22   4.64e+20   1.69e+22   2.74e-02
  1.2266e+02     1.47e+22   4.34e+20   1.51e+22   2.87e-02
  1.3939e+02     1.33e+22   4.10e+20   1.38e+22   2.98e-02
  1.5840e+02     1.25e+22   3.93e+20   1.29e+22   3.06e-02
  1.8000e+02     1.22e+22   3.87e+20   1.25e+22   3.09e-02
