Spectra/HaloModels/ClumpyOutput/Burkert/Dfactor_dDdOmega_GeV_cm2_sr_Burkert_NestiSalucci_errors2.output
# %ECSV 1.0
# ---
# datatype:
# - {name: theta, unit: deg, datatype: float64}
# - {name: dD_smooth, unit: GeV/cm^2 sr, datatype: float64}
# - {name: dD_subs, unit: GeV/cm^2 sr, datatype: float64}
# - {name: dD_total, unit: GeV/cm^2 sr, datatype: float64}
# - {name: dD_subs_share, unit:, datatype: float64}
# theta dD_smooth dD_subs dD_total dD_subs_share
  5.7296e-04     4.58e+22   2.01e+20   4.60e+22   4.37e-03
  6.5110e-04     4.58e+22   2.01e+20   4.60e+22   4.37e-03
  7.3991e-04     4.58e+22   2.01e+20   4.60e+22   4.37e-03
  8.4082e-04     4.58e+22   2.01e+20   4.60e+22   4.37e-03
  9.5550e-04     4.58e+22   2.01e+20   4.60e+22   4.37e-03
  1.0858e-03     4.58e+22   2.01e+20   4.60e+22   4.37e-03
  1.2339e-03     4.58e+22   2.01e+20   4.60e+22   4.37e-03
  1.4022e-03     4.58e+22   2.01e+20   4.60e+22   4.37e-03
  1.5934e-03     4.58e+22   2.01e+20   4.60e+22   4.37e-03
  1.8108e-03     4.58e+22   2.01e+20   4.60e+22   4.37e-03
  2.0577e-03     4.58e+22   2.01e+20   4.60e+22   4.37e-03
  2.3384e-03     4.58e+22   2.01e+20   4.60e+22   4.37e-03
  2.6573e-03     4.58e+22   2.01e+20   4.60e+22   4.37e-03
  3.0197e-03     4.58e+22   2.01e+20   4.60e+22   4.37e-03
  3.4316e-03     4.58e+22   2.01e+20   4.60e+22   4.37e-03
  3.8996e-03     4.58e+22   2.01e+20   4.60e+22   4.37e-03
  4.4315e-03     4.58e+22   2.01e+20   4.60e+22   4.37e-03
  5.0359e-03     4.58e+22   2.01e+20   4.60e+22   4.37e-03
  5.7227e-03     4.58e+22   2.01e+20   4.60e+22   4.37e-03
  6.5033e-03     4.58e+22   2.01e+20   4.60e+22   4.37e-03
  7.3902e-03     4.58e+22   2.01e+20   4.60e+22   4.37e-03
  8.3982e-03     4.58e+22   2.01e+20   4.60e+22   4.37e-03
  9.5436e-03     4.58e+22   2.01e+20   4.60e+22   4.37e-03
  1.0845e-02     4.58e+22   2.01e+20   4.60e+22   4.37e-03
  1.2324e-02     4.58e+22   2.01e+20   4.60e+22   4.37e-03
  1.4005e-02     4.58e+22   2.01e+20   4.60e+22   4.37e-03
  1.5915e-02     4.58e+22   2.01e+20   4.60e+22   4.37e-03
  1.8086e-02     4.58e+22   2.01e+20   4.60e+22   4.37e-03
  2.0553e-02     4.58e+22   2.01e+20   4.60e+22   4.37e-03
  2.3356e-02     4.58e+22   2.01e+20   4.60e+22   4.37e-03
  2.6542e-02     4.58e+22   2.01e+20   4.60e+22   4.37e-03
  3.0161e-02     4.58e+22   2.01e+20   4.60e+22   4.37e-03
  3.4275e-02     4.58e+22   2.01e+20   4.60e+22   4.37e-03
  3.8950e-02     4.58e+22   2.01e+20   4.60e+22   4.37e-03
  4.4262e-02     4.58e+22   2.01e+20   4.60e+22   4.37e-03
  5.0299e-02     4.58e+22   2.01e+20   4.60e+22   4.37e-03
  5.7159e-02     4.58e+22   2.01e+20   4.60e+22   4.37e-03
  6.4955e-02     4.58e+22   2.01e+20   4.60e+22   4.37e-03
  7.3814e-02     4.58e+22   2.01e+20   4.60e+22   4.37e-03
  8.3882e-02     4.58e+22   2.01e+20   4.60e+22   4.37e-03
  9.5322e-02     4.58e+22   2.01e+20   4.60e+22   4.37e-03
  1.0832e-01     4.58e+22   2.01e+20   4.60e+22   4.37e-03
  1.2310e-01     4.58e+22   2.01e+20   4.60e+22   4.37e-03
  1.3989e-01     4.58e+22   2.01e+20   4.60e+22   4.37e-03
  1.5896e-01     4.58e+22   2.01e+20   4.60e+22   4.37e-03
  1.8065e-01     4.58e+22   2.01e+20   4.60e+22   4.37e-03
  2.0528e-01     4.58e+22   2.01e+20   4.60e+22   4.37e-03
  2.3328e-01     4.58e+22   2.01e+20   4.60e+22   4.37e-03
  2.6510e-01     4.58e+22   2.01e+20   4.60e+22   4.37e-03
  3.0125e-01     4.58e+22   2.01e+20   4.60e+22   4.37e-03
  3.4234e-01     4.58e+22   2.01e+20   4.60e+22   4.37e-03
  3.8903e-01     4.58e+22   2.01e+20   4.60e+22   4.37e-03
  4.4209e-01     4.58e+22   2.01e+20   4.60e+22   4.37e-03
  5.0239e-01     4.58e+22   2.01e+20   4.60e+22   4.37e-03
  5.7091e-01     4.58e+22   2.01e+20   4.60e+22   4.37e-03
  6.4878e-01     4.58e+22   2.01e+20   4.60e+22   4.37e-03
  7.3726e-01     4.58e+22   2.01e+20   4.60e+22   4.37e-03
  8.3782e-01     4.58e+22   2.01e+20   4.60e+22   4.37e-03
  9.5208e-01     4.57e+22   2.01e+20   4.60e+22   4.38e-03
  1.0819e+00     4.57e+22   2.01e+20   4.59e+22   4.38e-03
  1.2295e+00     4.57e+22   2.01e+20   4.59e+22   4.38e-03
  1.3972e+00     4.57e+22   2.01e+20   4.59e+22   4.38e-03
  1.5878e+00     4.57e+22   2.01e+20   4.59e+22   4.38e-03
  1.8043e+00     4.57e+22   2.01e+20   4.59e+22   4.38e-03
  2.0504e+00     4.56e+22   2.01e+20   4.58e+22   4.39e-03
  2.3300e+00     4.56e+22   2.01e+20   4.58e+22   4.39e-03
  2.6478e+00     4.56e+22   2.01e+20   4.58e+22   4.39e-03
  3.0090e+00     4.55e+22   2.01e+20   4.57e+22   4.40e-03
  3.4193e+00     4.54e+22   2.01e+20   4.56e+22   4.40e-03
  3.8857e+00     4.53e+22   2.01e+20   4.55e+22   4.41e-03
  4.4157e+00     4.52e+22   2.01e+20   4.54e+22   4.42e-03
  5.0179e+00     4.51e+22   2.01e+20   4.53e+22   4.44e-03
  5.7023e+00     4.49e+22   2.01e+20   4.51e+22   4.45e-03
  6.4800e+00     4.47e+22   2.01e+20   4.49e+22   4.47e-03
  7.3638e+00     4.45e+22   2.01e+20   4.47e+22   4.50e-03
  8.3682e+00     4.42e+22   2.01e+20   4.44e+22   4.53e-03
  9.5095e+00     4.38e+22   2.01e+20   4.40e+22   4.57e-03
  1.0806e+01     4.33e+22   2.01e+20   4.35e+22   4.61e-03
  1.2280e+01     4.27e+22   2.01e+20   4.29e+22   4.67e-03
  1.3955e+01     4.20e+22   2.00e+20   4.22e+22   4.74e-03
  1.5859e+01     4.17e+22   2.00e+20   4.19e+22   4.78e-03
  1.8021e+01     3.94e+22   2.00e+20   3.96e+22   5.05e-03
  2.0479e+01     3.83e+22   2.00e+20   3.85e+22   5.19e-03
  2.3273e+01     3.77e+22   1.99e+20   3.79e+22   5.26e-03
  2.6447e+01     3.61e+22   1.99e+20   3.63e+22   5.47e-03
  3.0054e+01     3.44e+22   1.98e+20   3.46e+22   5.74e-03
  3.4153e+01     3.24e+22   1.98e+20   3.26e+22   6.06e-03
  3.8811e+01     3.02e+22   1.97e+20   3.04e+22   6.47e-03
  4.4104e+01     2.79e+22   1.95e+20   2.81e+22   6.96e-03
  5.0119e+01     2.55e+22   1.94e+20   2.57e+22   7.56e-03
  5.6955e+01     2.30e+22   1.92e+20   2.32e+22   8.30e-03
  6.4723e+01     2.06e+22   1.90e+20   2.08e+22   9.15e-03
  7.3550e+01     1.83e+22   1.88e+20   1.85e+22   1.02e-02
  8.3582e+01     1.62e+22   1.85e+20   1.63e+22   1.13e-02
  9.4981e+01     1.43e+22   1.81e+20   1.44e+22   1.25e-02
  1.0794e+02     1.26e+22   1.78e+20   1.28e+22   1.39e-02
  1.2266e+02     1.12e+22   1.75e+20   1.14e+22   1.53e-02
  1.3939e+02     1.02e+22   1.72e+20   1.04e+22   1.66e-02
  1.5840e+02     9.51e+21   1.70e+20   9.68e+21   1.75e-02
  1.8000e+02     9.25e+21   1.69e+20   9.42e+21   1.79e-02
