Spectra/HaloModels/ClumpyOutput/Burkert/Dfactor_dDdOmega_GeV_cm2_sr_Burkert_NestiSalucci_errors1.output
# %ECSV 1.0
# ---
# datatype:
# - {name: theta, unit: deg, datatype: float64}
# - {name: dD_smooth, unit: GeV/cm^2 sr, datatype: float64}
# - {name: dD_subs, unit: GeV/cm^2 sr, datatype: float64}
# - {name: dD_total, unit: GeV/cm^2 sr, datatype: float64}
# - {name: dD_subs_share, unit:, datatype: float64}
# theta dD_smooth dD_subs dD_total dD_subs_share
  5.7296e-04     7.24e+22   2.12e+20   7.26e+22   2.92e-03
  6.5110e-04     7.24e+22   2.12e+20   7.26e+22   2.92e-03
  7.3991e-04     7.24e+22   2.12e+20   7.26e+22   2.92e-03
  8.4082e-04     7.24e+22   2.12e+20   7.26e+22   2.92e-03
  9.5550e-04     7.24e+22   2.12e+20   7.26e+22   2.92e-03
  1.0858e-03     7.24e+22   2.12e+20   7.26e+22   2.92e-03
  1.2339e-03     7.24e+22   2.12e+20   7.26e+22   2.92e-03
  1.4022e-03     7.24e+22   2.12e+20   7.26e+22   2.92e-03
  1.5934e-03     7.24e+22   2.12e+20   7.26e+22   2.92e-03
  1.8108e-03     7.24e+22   2.12e+20   7.26e+22   2.92e-03
  2.0577e-03     7.24e+22   2.12e+20   7.26e+22   2.92e-03
  2.3384e-03     7.24e+22   2.12e+20   7.26e+22   2.92e-03
  2.6573e-03     7.24e+22   2.12e+20   7.26e+22   2.92e-03
  3.0197e-03     7.24e+22   2.12e+20   7.26e+22   2.92e-03
  3.4316e-03     7.24e+22   2.12e+20   7.26e+22   2.92e-03
  3.8996e-03     7.24e+22   2.12e+20   7.26e+22   2.92e-03
  4.4315e-03     7.24e+22   2.12e+20   7.26e+22   2.92e-03
  5.0359e-03     7.24e+22   2.12e+20   7.26e+22   2.92e-03
  5.7227e-03     7.24e+22   2.12e+20   7.26e+22   2.92e-03
  6.5033e-03     7.24e+22   2.12e+20   7.26e+22   2.92e-03
  7.3902e-03     7.24e+22   2.12e+20   7.26e+22   2.92e-03
  8.3982e-03     7.24e+22   2.12e+20   7.26e+22   2.92e-03
  9.5436e-03     7.24e+22   2.12e+20   7.26e+22   2.92e-03
  1.0845e-02     7.24e+22   2.12e+20   7.26e+22   2.92e-03
  1.2324e-02     7.24e+22   2.12e+20   7.26e+22   2.92e-03
  1.4005e-02     7.24e+22   2.12e+20   7.26e+22   2.92e-03
  1.5915e-02     7.24e+22   2.12e+20   7.26e+22   2.92e-03
  1.8086e-02     7.24e+22   2.12e+20   7.26e+22   2.92e-03
  2.0553e-02     7.24e+22   2.12e+20   7.26e+22   2.92e-03
  2.3356e-02     7.24e+22   2.12e+20   7.26e+22   2.92e-03
  2.6542e-02     7.24e+22   2.12e+20   7.26e+22   2.92e-03
  3.0161e-02     7.24e+22   2.12e+20   7.26e+22   2.92e-03
  3.4275e-02     7.24e+22   2.12e+20   7.26e+22   2.92e-03
  3.8950e-02     7.24e+22   2.12e+20   7.26e+22   2.92e-03
  4.4262e-02     7.24e+22   2.12e+20   7.26e+22   2.92e-03
  5.0299e-02     7.24e+22   2.12e+20   7.26e+22   2.92e-03
  5.7159e-02     7.24e+22   2.12e+20   7.26e+22   2.92e-03
  6.4955e-02     7.24e+22   2.12e+20   7.26e+22   2.92e-03
  7.3814e-02     7.24e+22   2.12e+20   7.26e+22   2.92e-03
  8.3882e-02     7.24e+22   2.12e+20   7.26e+22   2.92e-03
  9.5322e-02     7.24e+22   2.12e+20   7.26e+22   2.92e-03
  1.0832e-01     7.24e+22   2.12e+20   7.26e+22   2.92e-03
  1.2310e-01     7.24e+22   2.12e+20   7.26e+22   2.92e-03
  1.3989e-01     7.24e+22   2.12e+20   7.26e+22   2.92e-03
  1.5896e-01     7.24e+22   2.12e+20   7.26e+22   2.92e-03
  1.8065e-01     7.24e+22   2.12e+20   7.26e+22   2.92e-03
  2.0528e-01     7.24e+22   2.12e+20   7.26e+22   2.92e-03
  2.3328e-01     7.24e+22   2.12e+20   7.26e+22   2.92e-03
  2.6510e-01     7.24e+22   2.12e+20   7.26e+22   2.92e-03
  3.0125e-01     7.24e+22   2.12e+20   7.26e+22   2.92e-03
  3.4234e-01     7.24e+22   2.12e+20   7.26e+22   2.92e-03
  3.8903e-01     7.24e+22   2.12e+20   7.26e+22   2.92e-03
  4.4209e-01     7.24e+22   2.12e+20   7.26e+22   2.92e-03
  5.0239e-01     7.24e+22   2.12e+20   7.26e+22   2.92e-03
  5.7091e-01     7.24e+22   2.12e+20   7.26e+22   2.92e-03
  6.4878e-01     7.24e+22   2.12e+20   7.26e+22   2.92e-03
  7.3726e-01     7.24e+22   2.12e+20   7.26e+22   2.92e-03
  8.3782e-01     7.23e+22   2.12e+20   7.26e+22   2.92e-03
  9.5208e-01     7.23e+22   2.12e+20   7.25e+22   2.92e-03
  1.0819e+00     7.23e+22   2.12e+20   7.25e+22   2.92e-03
  1.2295e+00     7.23e+22   2.12e+20   7.25e+22   2.92e-03
  1.3972e+00     7.23e+22   2.12e+20   7.25e+22   2.92e-03
  1.5878e+00     7.22e+22   2.12e+20   7.24e+22   2.92e-03
  1.8043e+00     7.22e+22   2.12e+20   7.24e+22   2.92e-03
  2.0504e+00     7.21e+22   2.12e+20   7.23e+22   2.93e-03
  2.3300e+00     7.21e+22   2.12e+20   7.23e+22   2.93e-03
  2.6478e+00     7.20e+22   2.12e+20   7.22e+22   2.93e-03
  3.0090e+00     7.19e+22   2.12e+20   7.21e+22   2.93e-03
  3.4193e+00     7.18e+22   2.12e+20   7.20e+22   2.94e-03
  3.8857e+00     7.16e+22   2.12e+20   7.18e+22   2.95e-03
  4.4157e+00     7.14e+22   2.12e+20   7.16e+22   2.95e-03
  5.0179e+00     7.12e+22   2.12e+20   7.14e+22   2.96e-03
  5.7023e+00     7.09e+22   2.12e+20   7.11e+22   2.97e-03
  6.4800e+00     7.05e+22   2.11e+20   7.07e+22   2.99e-03
  7.3638e+00     7.01e+22   2.11e+20   7.03e+22   3.01e-03
  8.3682e+00     6.95e+22   2.11e+20   6.97e+22   3.03e-03
  9.5095e+00     6.89e+22   2.11e+20   6.91e+22   3.06e-03
  1.0806e+01     6.80e+22   2.11e+20   6.83e+22   3.09e-03
  1.2280e+01     6.71e+22   2.11e+20   6.73e+22   3.14e-03
  1.3955e+01     6.66e+22   2.11e+20   6.69e+22   3.15e-03
  1.5859e+01     6.52e+22   2.11e+20   6.54e+22   3.22e-03
  1.8021e+01     6.36e+22   2.10e+20   6.38e+22   3.30e-03
  2.0479e+01     6.08e+22   2.10e+20   6.10e+22   3.45e-03
  2.3273e+01     5.64e+22   2.10e+20   5.66e+22   3.70e-03
  2.6447e+01     5.58e+22   2.09e+20   5.60e+22   3.73e-03
  3.0054e+01     5.28e+22   2.08e+20   5.30e+22   3.93e-03
  3.4153e+01     4.95e+22   2.08e+20   4.98e+22   4.17e-03
  3.8811e+01     4.60e+22   2.07e+20   4.62e+22   4.47e-03
  4.4104e+01     4.22e+22   2.05e+20   4.24e+22   4.84e-03
  5.0119e+01     3.83e+22   2.04e+20   3.85e+22   5.29e-03
  5.6955e+01     3.44e+22   2.02e+20   3.46e+22   5.84e-03
  6.4723e+01     3.06e+22   2.00e+20   3.08e+22   6.47e-03
  7.3550e+01     2.70e+22   1.97e+20   2.72e+22   7.23e-03
  8.3582e+01     2.38e+22   1.94e+20   2.40e+22   8.10e-03
  9.4981e+01     2.09e+22   1.89e+20   2.10e+22   8.98e-03
  1.0794e+02     1.84e+22   1.85e+20   1.85e+22   1.00e-02
  1.2266e+02     1.63e+22   1.82e+20   1.65e+22   1.10e-02
  1.3939e+02     1.48e+22   1.79e+20   1.49e+22   1.20e-02
  1.5840e+02     1.38e+22   1.77e+20   1.39e+22   1.27e-02
  1.8000e+02     1.34e+22   1.76e+20   1.36e+22   1.30e-02
